gpa,student semester,learning style,major,previous courses,course types,course subjects,subjects of interest,extracurricular activities,ethnoracial group,Predicted Class: ethnoracial group
2.07,13,0.4876169,0.5200507,0.7398318,0.44491965,0.42796123,0.5341225,0.5333252,5,6
,0,0.49103767,0.5121466,0.46382013,0.46325195,0.48589998,0.5155314,0.5249797,1,4
3.56,3,0.49103767,0.5096352,0.24885055,0.45980996,0.4745096,0.5126554,0.54128927,0,1
2.18,14,0.49110264,0.51364225,0.98641074,0.47784355,0.40364215,0.46786544,0.5187627,0,5
3.82,7,0.4874059,0.50906295,0.4781427,0.47341412,0.48796517,0.5639241,0.50801253,0,1
2.24,11,0.49103767,0.5227252,0.01299518,0.45261663,0.52242327,0.5170829,0.5590247,2,0
3.62,11,0.49854296,0.5108271,0.24530266,0.45498216,0.46492392,0.5553613,0.48825753,4,6
3.61,3,0.4908719,0.5096352,0.64347196,0.46280926,0.48754674,0.5143089,0.5322487,0,2
3.36,5,0.4874059,0.5018554,0.5395572,0.4681011,0.48551446,0.4880611,0.52120864,5,4
3.98,10,0.49103767,0.51778495,0.4266365,0.46531522,0.47035515,0.5239743,0.50522846,2,6
2.85,8,0.48689646,0.51718324,0.37711436,0.46566945,0.4335885,0.50264114,0.58498454,2,4
2.11,13,0.49037665,0.49378282,0.08423377,0.46399844,0.39530924,0.47890288,0.48478177,0,6
3.63,6,0.48350412,0.50764585,0.5272435,0.47037745,0.4766994,0.51995814,0.51452595,5,5
,0,0.49504805,0.5096352,0.46382013,0.46325195,0.48589998,0.51783943,0.5505116,0,3
3.53,10,0.49499202,0.510299,0.4039811,0.4784412,0.4262764,0.5531701,0.53724724,0,2
2.68,3,0.4908719,0.50659555,0.46436942,0.46732533,0.47952348,0.5065897,0.54388255,6,1
3.7,3,0.49499202,0.5096352,0.6449961,0.47453752,0.49205327,0.5008538,0.5332347,6,5
3.34,8,0.49103767,0.5321277,0.46392852,0.46730334,0.5282364,0.5692656,0.518628,5,3
2.76,3,0.49499202,0.5096352,0.5338596,0.46170434,0.47440588,0.4973074,0.49345395,3,4
,1,0.49103767,0.5119084,0.46382013,0.46325195,0.48589998,0.52394986,0.5192023,1,2
2.58,13,0.49433744,0.5081472,0.70345175,0.46627533,0.47782516,0.6322342,0.48693898,5,2
3.18,13,0.49499202,0.4968757,0.73665726,0.45846018,0.46982712,0.54717517,0.5310508,0,6
3.1,8,0.49037665,0.51118225,0.38928548,0.46210566,0.4809366,0.5545501,0.5320127,6,0
2.24,8,0.4876169,0.5085102,0.25412872,0.46844292,0.54779434,0.560143,0.5770508,4,3
,13,0.48689646,0.5096837,0.46382013,0.46325195,0.48589998,0.5267458,0.5192023,4,5
3.82,13,0.49103767,0.5150906,0.29314786,0.4788981,0.4857877,0.5418439,0.5395012,2,5
2.56,5,0.48689646,0.5155779,0.44314414,0.4619686,0.49202073,0.5689146,0.5805898,2,0
3.62,4,0.48689646,0.5096352,0.47063068,0.46204877,0.49217713,0.51527023,0.5320038,4,0
2.5,1,0.49433744,0.5096352,0.32947138,0.45802104,0.4692992,0.5057218,0.51920223,4,4
2.13,6,0.49499202,0.50313354,0.5899242,0.4633046,0.42904904,0.5191206,0.53689003,1,6
,1,0.49499202,0.50493276,0.46382013,0.46325195,0.48589998,0.5235795,0.49681243,2,6
2.05,9,0.49499202,0.51825124,0.2187279,0.47979024,0.5026626,0.504446,0.5426762,3,4
2.65,2,0.48694533,0.5096352,0.8167424,0.45365408,0.5198706,0.52947307,0.4991108,0,1
3.21,10,0.4874059,0.5101806,0.42940956,0.48984653,0.50742424,0.5783981,0.42556047,0,2
3.05,0,0.49456286,0.5096352,0.39047563,0.46561426,0.51616013,0.5170158,0.4670893,3,6
2.43,8,0.49083185,0.51792395,0.49750978,0.46590054,0.49526775,0.5165386,0.3834504,0,5
3.88,10,0.4874059,0.47930652,0.28403407,0.44955656,0.45144314,0.5739063,0.562943,0,3
3.71,6,0.49083185,0.51099956,0.1959987,0.47240368,0.47427148,0.48981363,0.5107957,1,4
2.73,3,0.49103767,0.5096352,0.21732506,0.4666168,0.51869094,0.60094404,0.5532973,1,2
2.2,6,0.49083185,0.52096355,0.48424333,0.453465,0.5053678,0.5561464,0.54721,4,4
3.18,12,0.48350412,0.50351787,0.7305764,0.46245027,0.48053944,0.4821619,0.48530602,5,2
3.14,11,0.48689646,0.49132922,0.18221302,0.45578712,0.54811704,0.5198535,0.4859795,3,2
2.66,6,0.49456286,0.46920824,0.7590257,0.46328998,0.4605462,0.5288068,0.54059297,1,2
2.5,7,0.48350412,0.5183234,0.82951283,0.44822434,0.4372349,0.51527584,0.51931584,3,4
2.77,5,0.49854296,0.5096352,0.25136846,0.46156722,0.45365772,0.550666,0.6374172,6,6
3.56,3,0.49037665,0.5096352,0.25312674,0.46403402,0.46810132,0.5470593,0.5426936,1,0
2.84,1,0.49153703,0.5096352,0.39655557,0.45695895,0.47724432,0.5103884,0.5192023,0,1
3.56,12,0.49083185,0.48750672,0.52133226,0.46701607,0.46261734,0.5278816,0.49044806,6,3
3.03,12,0.49499202,0.52755535,0.6420045,0.4631463,0.45609355,0.5743492,0.49322382,4,2
2.63,7,0.49854296,0.5213307,0.7394552,0.46458125,0.51128185,0.4640671,0.5631518,3,1
2.5,11,0.4908719,0.5162257,0.8231729,0.4597746,0.46284115,0.5275774,0.5315914,0,4
2.46,0,0.49433744,0.50181586,0.876305,0.45532876,0.54362833,0.53716636,0.41755116,1,5
2.77,3,0.48350412,0.5096352,0.52910876,0.46178812,0.46108598,0.48453647,0.56822836,3,5
2.32,7,0.49083185,0.5057608,0.05070715,0.47592905,0.47288036,0.53498113,0.51306146,5,5
3.76,9,0.49110264,0.5139413,0.6642383,0.48419747,0.5097,0.51668906,0.53538597,1,2
3.68,11,0.49499202,0.4933144,0.6660219,0.47592893,0.50105006,0.45413935,0.54102826,4,1
2.52,13,0.49037665,0.51267874,0.34294665,0.46198642,0.48520947,0.53793323,0.58676183,0,2
,0,0.4874059,0.51462495,0.46382013,0.46325195,0.48589998,0.5155314,0.47367984,6,2
,0,0.49504805,0.5109995,0.46382013,0.46325195,0.48589998,0.54963946,0.5192023,1,5
2.01,13,0.49110264,0.51458824,0.23308833,0.4619342,0.4460157,0.56180537,0.47685346,0,5
3.61,9,0.48689646,0.5187209,0.11509249,0.47750553,0.51949316,0.45143557,0.57045066,1,4
2.61,9,0.49504805,0.49510634,0.27195972,0.47642574,0.49203718,0.490716,0.4750721,5,5
3.45,12,0.49504805,0.4978392,0.783321,0.47687882,0.41545087,0.5196044,0.5800582,4,4
2.5,6,0.49854296,0.52704644,0.3279568,0.4644867,0.46618587,0.4417407,0.51335204,1,3
2.28,9,0.49103767,0.50500685,0.518149,0.47378835,0.46836948,0.54690194,0.4588933,3,2
2.97,1,0.49433744,0.5096352,0.27563736,0.4600379,0.50352985,0.51550853,0.5192023,3,4
3.25,10,0.4876169,0.5239594,0.68205845,0.45795077,0.45639968,0.5031304,0.52091944,6,4
2.65,1,0.48350412,0.5096352,0.3975412,0.4615929,0.5111024,0.52607226,0.51920223,0,6
2.03,1,0.49456286,0.5057608,0.46526405,0.47358114,0.50368065,0.53343534,0.5262396,2,0
,0,0.4876169,0.5096352,0.46382013,0.46325195,0.48589998,0.5131898,0.493289,4,0
3.44,8,0.48689646,0.5101806,0.2985157,0.46131632,0.4729432,0.5335414,0.49671295,5,2
3.43,4,0.4874059,0.5096352,0.2808763,0.46425065,0.4931596,0.5179991,0.5116687,5,3
2.72,8,0.48694533,0.5123129,0.23503952,0.46492106,0.49245316,0.5454174,0.5966301,1,4
3.98,1,0.4908719,0.5096352,0.54186654,0.46327448,0.45279533,0.52919626,0.5562194,3,6
,14,0.49110264,0.50545275,0.46382013,0.46325195,0.48589998,0.5328828,0.4973667,6,6
2.37,11,0.49037665,0.4957517,0.77737665,0.45880216,0.4826706,0.5498754,0.44788802,5,0
3.66,13,0.4876169,0.5155548,0.72151506,0.46211243,0.7370427,0.55150056,0.5023946,3,5
3.0,10,0.4874059,0.5123857,0.678378,0.491295,0.49156475,0.5316083,0.4560241,6,0
,14,0.49103767,0.5096352,0.46382013,0.46325195,0.48589998,0.51783943,0.5192023,0,6
3.18,2,0.49504805,0.5096352,0.32512367,0.47437355,0.46291345,0.52786595,0.50594634,5,4
3.04,8,0.4874059,0.50176775,0.18248296,0.45408988,0.5066154,0.52436686,0.53324753,2,3
3.94,0,0.48350412,0.51603264,0.62450874,0.450829,0.5299547,0.49614283,0.50084186,5,0
2.53,3,0.4908719,0.50723827,0.2587014,0.47638315,0.47964936,0.4419983,0.4731089,1,4
,14,0.48694533,0.516431,0.46382013,0.46325195,0.48589998,0.5172665,0.579755,2,4
2.83,2,0.49499202,0.5096352,0.6843362,0.46015865,0.5053275,0.53356093,0.5571351,5,6
3.7,2,0.4876169,0.5096352,0.70698607,0.45752513,0.5559039,0.52079284,0.51424,5,1
3.28,1,0.49103767,0.5096352,0.48180008,0.48479286,0.5147324,0.5140985,0.48193303,4,6
2.68,4,0.49037665,0.48666424,0.9631002,0.46261346,0.47160304,0.5714494,0.4917602,3,1
2.16,10,0.48694533,0.5133678,0.641302,0.450935,0.5613367,0.53311145,0.53490114,4,1
2.03,13,0.49504805,0.52134526,0.73160505,0.4564366,0.51357716,0.5457958,0.5287647,1,4
3.33,4,0.49456286,0.5096352,0.58982563,0.462199,0.5281443,0.5325915,0.5285746,1,0
3.35,12,0.4874059,0.5119957,0.5689096,0.45369065,0.5446805,0.50812775,0.550159,4,3
2.02,11,0.49456286,0.5149711,0.14539394,0.46520406,0.4849707,0.5287215,0.50403,1,5
2.93,9,0.49456286,0.51143026,0.4242738,0.46159253,0.5356169,0.5533494,0.49117208,5,0
2.65,8,0.49499202,0.5174537,0.27368125,0.47965792,0.47389674,0.50035566,0.55606633,3,6
3.53,5,0.49110264,0.5139397,0.14534453,0.47162518,0.47199374,0.5129661,0.5107063,2,2
3.94,2,0.49153703,0.54829586,0.29119056,0.4701179,0.47859216,0.58020437,0.41421402,2,1
2.02,5,0.49456286,0.5038438,0.5445154,0.44994605,0.5321678,0.51916814,0.5292829,1,2
2.25,8,0.48350412,0.5119957,0.7770902,0.4667942,0.46582192,0.5342562,0.47785926,1,2
2.07,12,0.4908719,0.49779314,0.14106555,0.45526224,0.5237959,0.5429245,0.458086,1,3
3.74,12,0.4908719,0.5139413,0.28127068,0.46349883,0.56877023,0.5247967,0.4672522,3,2
2.52,7,0.49504805,0.4987976,0.4322077,0.45729333,0.49284935,0.58116275,0.53410274,4,2
3.43,12,0.49110264,0.510299,0.20790254,0.46409202,0.4495894,0.5522349,0.5226438,4,4
2.58,1,0.4908719,0.5096352,0.73366964,0.46101618,0.44508198,0.56129575,0.51920223,4,2
3.59,9,0.49504805,0.5105157,0.3206411,0.44842044,0.4604473,0.5259341,0.3670501,6,4
2.31,13,0.49433744,0.4949941,0.92428184,0.4528671,0.45602798,0.54401577,0.5468037,5,3
3.0,6,0.4908719,0.5155779,0.3274752,0.4656117,0.4353922,0.5850816,0.52588034,6,0
3.16,3,0.49433744,0.5096352,0.3185742,0.47076678,0.52206707,0.54392457,0.4634569,2,3
3.41,5,0.48689646,0.5329197,0.48436114,0.48921424,0.4811589,0.5355042,0.5366441,5,1
2.47,5,0.49083185,0.52520823,0.24976592,0.44960728,0.49139845,0.6357438,0.5111656,2,2
,0,0.49083185,0.5096352,0.46382013,0.46325195,0.48589998,0.51783943,0.5192023,3,2
3.83,12,0.49499202,0.49315584,0.2532522,0.47134808,0.49651957,0.5178068,0.5298829,0,6
,0,0.4874059,0.5096352,0.46382013,0.46325195,0.48589998,0.5075357,0.5192023,4,4
2.45,8,0.49083185,0.4927364,0.35390162,0.4692952,0.53552526,0.57581884,0.5666163,5,3
3.92,8,0.49433744,0.50496167,0.00247087,0.466268,0.46136665,0.5524167,0.63093287,3,0
2.96,5,0.49854296,0.5227853,0.23585595,0.4574446,0.4457348,0.643108,0.579489,4,6
3.38,5,0.48694533,0.516431,0.505831,0.4515314,0.49046057,0.5338945,0.51135844,3,5
3.82,13,0.49433744,0.50176775,0.14142802,0.46661034,0.4707262,0.52782047,0.45480156,3,2
,14,0.49110264,0.4829246,0.46382013,0.46325195,0.48589998,0.5495373,0.5440272,6,1
3.02,6,0.4876169,0.5024491,-0.00946091,0.4552824,0.47279233,0.54140675,0.45924383,6,5
,0,0.49499202,0.5096352,0.46382013,0.46325195,0.48589998,0.51783943,0.5192023,6,6
3.12,12,0.49854296,0.49663258,0.16206472,0.45580208,0.5232157,0.56706893,0.4755323,0,3
3.93,9,0.49499202,0.51148665,0.21862815,0.44762236,0.46270496,0.44690126,0.5616248,2,0
3.68,9,0.48694533,0.50351787,0.26979572,0.46957046,0.4862054,0.584702,0.5201211,1,1
3.15,3,0.4908719,0.5096352,0.3519168,0.45692462,0.50454366,0.5485846,0.5253626,0,0
3.52,13,0.49153703,0.5011785,0.17032483,0.46214658,0.5487463,0.5563088,0.50483334,2,2
2.25,10,0.48694533,0.50176775,0.19513464,0.47910517,0.4587683,0.52168304,0.59779763,2,3
3.94,7,0.4876169,0.51109636,0.7642778,0.4743343,0.47550285,0.5553348,0.52451044,4,6
3.27,7,0.4874059,0.50496167,0.3010828,0.45432448,0.51660603,0.52662075,0.5053066,5,3
,1,0.48350412,0.5096352,0.46382013,0.46325195,0.48589998,0.51783943,0.5192023,2,4
3.06,3,0.49499202,0.5018992,0.69261956,0.46932417,0.50575197,0.48204222,0.56155694,3,4
2.37,5,0.48350412,0.50416374,0.5915085,0.46203816,0.56613946,0.53488016,0.52559924,4,2
2.43,7,0.48694533,0.5133272,0.17777534,0.45912337,0.51299745,0.49975088,0.45226055,4,5
2.04,0,0.49153703,0.50727683,0.81369865,0.4865741,0.4751945,0.5132324,0.49732473,6,0
,14,0.49433744,0.5096352,0.46382013,0.46325195,0.48589998,0.51783943,0.5192023,1,5
3.66,9,0.4874059,0.51479936,0.49715233,0.47336525,0.46745813,0.5344528,0.5930928,2,2
3.79,13,0.48689646,0.5062828,0.8576702,0.4728847,0.46523154,0.54126835,0.5100648,4,2
,0,0.4908719,0.5285445,0.46382013,0.46325195,0.48589998,0.5526515,0.49035794,0,4
2.72,7,0.4908719,0.5108259,0.5256696,0.4727225,0.45593762,0.5015954,0.55212367,0,4
2.36,11,0.48694533,0.52883327,0.7053815,0.476259,0.49148816,0.50248027,0.54223824,6,5
2.27,3,0.48694533,0.5096352,0.46775833,0.44648248,0.4730693,0.5138209,0.5463474,4,4
2.73,4,0.49854296,0.5096352,0.5149318,0.45474377,0.51725477,0.49677968,0.53664255,5,0
2.51,13,0.49103767,0.52077943,0.05478227,0.4736174,0.4304275,0.5572186,0.4947452,3,0
3.58,6,0.49083185,0.51467854,0.26951185,0.46098536,0.48474222,0.49742457,0.48635226,4,0
3.01,3,0.49037665,0.5096352,0.42777014,0.4591176,0.48299986,0.49375704,0.42698455,4,4
3.52,11,0.48694533,0.49788892,0.543182,0.47623476,0.46259165,0.56515783,0.5182066,1,5
3.06,8,0.4874059,0.50626874,0.63093853,0.49229902,0.49079305,0.527269,0.5709852,6,3
3.18,10,0.4876169,0.5227252,0.612437,0.46310034,0.48297626,0.5439868,0.5348817,4,1
2.71,7,0.49103767,0.5024491,0.34904963,0.45387536,0.5000981,0.51260006,0.56834847,1,5
3.82,0,0.49083185,0.509728,0.2237688,0.47200269,0.46260673,0.5105319,0.5224413,0,6
2.02,1,0.4874059,0.5096352,0.47018936,0.46887794,0.45493856,0.5134154,0.49531633,3,5
2.55,6,0.49153703,0.5133678,0.3500894,0.46946234,0.46513158,0.47387224,0.5079475,1,3
2.5,5,0.49504805,0.5024491,0.44312963,0.4522218,0.47081977,0.5279744,0.46463415,1,0
3.77,1,0.49854296,0.5096352,0.85315526,0.47260684,0.49465,0.5330749,0.5222477,5,2
2.22,3,0.4876169,0.49619144,0.5265799,0.46796894,0.5146378,0.5829642,0.50592214,6,3
3.76,6,0.49504805,0.52134526,0.13117518,0.47170508,0.4818871,0.49430692,0.47271138,6,5
2.51,8,0.48689646,0.50500685,0.5089839,0.46241528,0.5176638,0.5220798,0.5499692,1,6
2.87,12,0.49456286,0.513958,0.38134348,0.47068435,0.43044162,0.45077175,0.52407837,3,0
3.78,9,0.49153703,0.50499934,0.6237683,0.4872163,0.48638463,0.5833178,0.4639085,4,1
2.47,4,0.49110264,0.5096352,0.30947247,0.4678149,0.484452,0.5257335,0.5402894,2,0
2.53,13,0.49153703,0.5083182,0.6470803,0.4532969,0.47260177,0.49621055,0.4619015,4,2
3.02,1,0.49504805,0.5096352,0.37934244,0.4725033,0.5024489,0.5109526,0.47605586,1,4
3.45,7,0.49456286,0.5393617,0.669243,0.4590463,0.48395646,0.55989224,0.47367394,0,1
3.53,4,0.49103767,0.5096352,0.50855505,0.45487842,0.46941656,0.5942882,0.52857864,5,2
3.12,8,0.49433744,0.49627033,0.6199961,0.47159886,0.52474684,0.505607,0.5821272,0,4
2.69,1,0.49110264,0.5096352,0.59884906,0.4814447,0.5061289,0.54162806,0.5106197,4,4
2.63,2,0.48694533,0.51168776,0.45320567,0.47031993,0.46663475,0.50247955,0.5245413,6,0
,14,0.49153703,0.5096352,0.46382013,0.46325195,0.48589998,0.51783943,0.5192023,4,1
,14,0.49456286,0.5096352,0.46382013,0.46325195,0.48589998,0.51783943,0.5192023,5,5
3.22,4,0.48694533,0.5143896,0.5456327,0.46039978,0.46712524,0.53275585,0.57158494,1,1
2.26,4,0.49110264,0.51255757,0.46829006,0.45317692,0.49170703,0.52243114,0.48499176,6,1
3.95,11,0.49103767,0.5170675,0.10644414,0.45801285,0.514524,0.5651686,0.45189226,3,4
3.61,3,0.49499202,0.49050027,0.16822192,0.4586925,0.49611574,0.5594875,0.4932487,3,6
3.66,5,0.49433744,0.50616825,0.2888402,0.4672125,0.4607815,0.54219276,0.531311,3,3
2.98,7,0.49083185,0.5039668,0.6425289,0.48199156,0.5132943,0.49425998,0.564687,4,3
3.22,5,0.49854296,0.5003393,0.59204465,0.464612,0.5199607,0.55742097,0.44061732,2,6
2.73,10,0.49456286,0.52096355,0.25134617,0.4631288,0.4612354,0.5677386,0.6167963,0,6
2.26,12,0.4908719,0.49788892,0.15493013,0.46207702,0.34154814,0.50133955,0.4473102,2,6
3.29,11,0.49456286,0.50477725,0.348253,0.46148655,0.47537404,0.5280527,0.54222995,6,6
3.64,10,0.49433744,0.50513554,0.3957584,0.4726248,0.48699486,0.5501853,0.549884,6,1
3.47,4,0.49083185,0.49627033,0.46191943,0.45937318,0.5342471,0.53251946,0.44547224,6,5
2.84,11,0.49103767,0.5153635,0.5225514,0.46128255,0.42805055,0.55561805,0.5899104,6,6
,0,0.49456286,0.5096352,0.46382013,0.46325195,0.48589998,0.51783943,0.5192023,4,0
2.17,9,0.49153703,0.5098037,0.33577502,0.45881245,0.52378714,0.54973596,0.43447244,6,0
2.97,14,0.49103767,0.49040723,0.5784141,0.48554006,0.47145474,0.57208776,0.5476413,5,6
2.27,3,0.49110264,0.5096352,0.5245384,0.46058875,0.47566205,0.5451404,0.4685173,4,5
3.08,7,0.48689646,0.5055415,0.6218693,0.47053054,0.48902917,0.56579614,0.44486582,5,1
,14,0.49103767,0.5096352,0.46382013,0.46325195,0.48589998,0.51783943,0.56637,1,1
2.63,11,0.48694533,0.51429105,0.76287615,0.46526492,0.49332887,0.55255544,0.47466737,2,5
3.4,9,0.49854296,0.5270047,0.3506795,0.4785657,0.5242604,0.5479655,0.49973485,6,2
3.69,6,0.48694533,0.5153635,0.3190958,0.46052113,0.51850945,0.5478729,0.52301073,0,0
2.55,4,0.49110264,0.5034606,0.3197611,0.4545641,0.5579346,0.5651914,0.57080996,3,5
2.67,1,0.48350412,0.5299033,0.369276,0.4577785,0.47577178,0.5239545,0.49675906,6,1
2.3,10,0.49083185,0.49074626,0.19969152,0.46119946,0.50137407,0.5263727,0.5653764,5,3
2.99,13,0.49433744,0.5039668,0.8670329,0.46980035,0.42761603,0.5349704,0.5767398,2,5
,0,0.4874059,0.5096352,0.46382013,0.46325195,0.48589998,0.51783943,0.5192023,0,0
2.49,13,0.48350412,0.5085102,0.7002747,0.45597306,0.41282535,0.5257188,0.40522146,3,3
3.45,11,0.4876169,0.5141428,0.1854018,0.4609989,0.4937278,0.5733291,0.48061812,3,5
2.9,1,0.49456286,0.5096352,0.21841985,0.47197616,0.45998347,0.5157109,0.5360873,1,1
2.76,3,0.4908719,0.5096352,0.28194916,0.4457453,0.46285015,0.54579043,0.5695878,0,5
2.27,12,0.49103767,0.516431,0.1613413,0.46185422,0.4835497,0.5264795,0.5507281,2,3
3.08,6,0.49504805,0.5105204,0.19852814,0.4571221,0.46368098,0.5145922,0.41753486,3,0
2.71,11,0.48689646,0.49959582,0.49576974,0.45806938,0.49367923,0.5174874,0.504433,0,1
2.37,2,0.49083185,0.5096352,0.4080786,0.4547556,0.50618297,0.5644928,0.48424426,0,2
2.79,14,0.49499202,0.5069629,0.1008892,0.45253044,0.61279494,0.5628907,0.67294925,5,1
3.39,13,0.48350412,0.52191645,0.37957746,0.45630574,0.6649853,0.49092534,0.4477021,5,5
3.41,12,0.49153703,0.5085102,0.3020146,0.46059752,0.50670457,0.4854226,0.5995513,0,2
2.82,13,0.49854296,0.49978858,0.15655011,0.46718645,0.46689397,0.54783493,0.5535498,6,2
2.37,3,0.49083185,0.5096352,0.3654288,0.45758745,0.5042632,0.49315727,0.48595506,2,2
3.15,1,0.49110264,0.5096352,0.43541983,0.460635,0.45460677,0.50554144,0.5192023,3,3
2.04,14,0.49504805,0.49269086,0.59100485,0.464393,0.496966,0.56255436,0.58632684,0,2
3.66,0,0.48694533,0.5119957,0.5472147,0.46607262,0.3872227,0.52100265,0.51703054,6,1
3.87,11,0.4908719,0.50370353,0.15367502,0.44308564,0.51270896,0.49948403,0.49719167,5,2
3.61,4,0.49103767,0.5096352,0.8549453,0.46279305,0.4777105,0.52871215,0.5555868,1,1
3.97,3,0.49153703,0.5270047,0.50018764,0.477747,0.44430637,0.49816665,0.5147097,0,4
2.62,5,0.49037665,0.50477725,0.49493593,0.45955878,0.48883343,0.54857695,0.5448903,5,3
3.61,13,0.48694533,0.5083182,0.47767052,0.45982823,0.52142346,0.51330906,0.5239071,5,1
2.41,8,0.48689646,0.49378282,0.47367567,0.47056687,0.4828003,0.5528935,0.59841764,3,6
2.99,13,0.48689646,0.50376093,0.48716503,0.45939034,0.51141304,0.5606333,0.42104328,4,1
2.79,12,0.48694533,0.50477725,0.1748078,0.47362664,0.49463874,0.55362976,0.62188053,3,4
2.67,10,0.49499202,0.5213307,0.6446209,0.47393546,0.5268246,0.54957294,0.5658395,4,3
3.79,14,0.4908719,0.5010718,0.40052128,0.48676395,0.57868534,0.5243767,0.48219693,0,2
2.06,12,0.49499202,0.503813,0.60431993,0.46131146,0.51637036,0.51617527,0.53687704,1,6
2.76,11,0.4874059,0.5098083,0.471095,0.45391816,0.50265014,0.5606323,0.5475294,0,3
2.55,12,0.4874059,0.50496167,0.26405448,0.45907742,0.50679976,0.46034724,0.4580037,5,4
2.04,9,0.48689646,0.50642824,0.16834204,0.4626038,0.54098487,0.520227,0.4668302,3,5
3.92,2,0.49854296,0.5096352,0.16159919,0.4671709,0.5033045,0.46845272,0.549345,1,3
2.48,7,0.48694533,0.5266588,0.717927,0.46675086,0.5354836,0.61856234,0.56280124,4,6
2.09,8,0.49504805,0.5038096,0.12730612,0.48457015,0.47457314,0.5618569,0.5457456,5,0
2.59,11,0.48350412,0.53216875,0.39729124,0.4726628,0.5224159,0.544147,0.58564043,2,1
3.88,9,0.49433744,0.54406774,0.394077,0.45257246,0.4680668,0.5006856,0.47831687,5,2
3.89,11,0.49037665,0.53346455,0.12703611,0.4755316,0.52740586,0.54762864,0.5712893,6,3
2.58,11,0.49110264,0.5092907,0.4994224,0.45326787,0.4742726,0.510024,0.4344162,4,0
2.37,12,0.49083185,0.5123975,0.90991926,0.46957013,0.49760842,0.5105183,0.5480209,4,5
3.93,8,0.49153703,0.54434973,0.38693935,0.44940907,0.40422785,0.5415921,0.49787986,1,6
3.14,11,0.49037665,0.50659555,0.5273183,0.4701489,0.48300612,0.5277884,0.5804258,6,3
3.44,2,0.48689646,0.49668622,0.22653025,0.46866614,0.50254565,0.49557573,0.5667038,6,3
2.25,4,0.48694533,0.5096352,0.5597247,0.45375192,0.48944032,0.51221406,0.4805526,1,4
2.66,0,0.48350412,0.5214393,0.49905393,0.45544553,0.5543753,0.5640525,0.43062598,1,6
3.25,7,0.48694533,0.51044977,0.22147527,0.46422225,0.4626968,0.53152347,0.3506413,1,6
2.09,10,0.4874059,0.49570155,0.60618734,0.47212952,0.45398504,0.55271435,0.47958183,6,0
3.61,13,0.49103767,0.5010718,0.14599673,0.45297822,0.57191277,0.556561,0.53410274,5,2
3.56,11,0.49037665,0.52060765,0.41173118,0.45909548,0.44835883,0.4856882,0.46249115,4,1
2.84,2,0.4876169,0.5096352,0.51144433,0.4602308,0.46152532,0.48133016,0.5517075,0,1
3.69,5,0.4876169,0.5134475,0.67181444,0.469604,0.48810184,0.4818919,0.5145732,2,0
3.81,11,0.49854296,0.49510634,0.69270194,0.4569866,0.5602928,0.5256622,0.5757617,3,2
3.59,11,0.49854296,0.5295732,0.75619614,0.4655552,0.486467,0.53725916,0.599697,3,2
2.79,4,0.49103767,0.5096352,0.32150874,0.4591574,0.49767864,0.38038105,0.5889009,0,3
3.53,7,0.49083185,0.48750672,0.11680453,0.47688812,0.4710667,0.49991468,0.5403253,3,4
3.18,0,0.49083185,0.49132922,0.27441877,0.4764566,0.51602066,0.5362513,0.5755282,4,1
2.88,2,0.4908719,0.5096352,0.2848335,0.45379043,0.5047028,0.49009484,0.558808,0,5
2.96,8,0.48689646,0.50626874,0.27667913,0.46409333,0.49014372,0.60664964,0.48831365,0,1
2.22,8,0.4908719,0.5052181,0.5305637,0.4714464,0.48979592,0.55119133,0.42061818,5,0
,14,0.49037665,0.5096352,0.46382013,0.46325195,0.48589998,0.51783943,0.5192023,4,3
2.77,9,0.4908719,0.52515113,0.86033034,0.47249308,0.5181083,0.55983984,0.5230845,3,0
2.41,12,0.48689646,0.5321277,-0.03750588,0.45777482,0.47653377,0.553047,0.44698766,2,6
3.31,7,0.49103767,0.5055415,-0.02183144,0.45948327,0.48555934,0.49512115,0.52736473,2,1
3.37,1,0.49037665,0.5813143,0.10156345,0.46399847,0.48223442,0.5364864,0.5012105,2,1
3.4,13,0.48350412,0.5129491,0.11439542,0.45641336,0.4357616,0.52645254,0.49706653,0,2
2.86,1,0.49504805,0.5096352,0.3904389,0.46987337,0.4826451,0.51549435,0.49829167,3,0
2.83,12,0.49499202,0.5154791,0.71311855,0.4610346,0.46528357,0.54224694,0.4937037,6,4
,0,0.49083185,0.5096352,0.46382013,0.46325195,0.48589998,0.51783943,0.5192023,1,2
2.61,9,0.49153703,0.50477725,0.6225898,0.4662202,0.45074618,0.5725233,0.5133947,5,0
2.18,9,0.48689646,0.5034606,0.5049585,0.47185096,0.45513368,0.4927114,0.5606698,4,3
3.1,11,0.49854296,0.52009743,0.3478139,0.48625854,0.48316675,0.5269598,0.54398566,0,5
2.76,6,0.49854296,0.51778495,0.4406962,0.48022586,0.53670967,0.5409222,0.47649747,0,1
,13,0.48689646,0.54933465,0.46382013,0.46325195,0.48589998,0.5246161,0.47501603,0,3
2.37,14,0.49083185,0.5174537,0.17414741,0.4649264,0.4892493,0.5338533,0.50124776,0,4
2.59,5,0.48689646,0.5345063,0.3939796,0.46727908,0.53324217,0.52815974,0.49468058,3,1
3.72,1,0.49103767,0.5096352,0.43440893,0.46397573,0.4493392,0.5141078,0.5192023,1,3
3.24,7,0.4908719,0.5213452,0.86680007,0.46235356,0.4923814,0.48788512,0.49067986,4,0
3.17,11,0.49153703,0.5291476,0.89668393,0.4587778,0.425834,0.52616674,0.5023701,6,2
2.61,14,0.49504805,0.50499934,0.8453239,0.44206965,0.45585835,0.51515883,0.48812035,2,4
2.45,0,0.49103767,0.52883327,0.79080343,0.47402868,0.46908438,0.51717174,0.53727055,6,5
3.52,9,0.48694533,0.51180923,0.63557017,0.4522658,0.49763125,0.49727127,0.43993294,5,3
2.75,9,0.49854296,0.49737597,0.3534193,0.46056634,0.495615,0.57237685,0.53774977,1,5
3.94,8,0.49499202,0.5289428,0.51167995,0.4525718,0.4815181,0.523654,0.48306078,4,6
,14,0.49103767,0.50499934,0.46382013,0.46325195,0.48589998,0.5380509,0.534168,0,5
3.73,13,0.49433744,0.52520823,0.21960811,0.4659987,0.48444247,0.519882,0.606951,4,4
3.08,4,0.49504805,0.50732833,0.3330106,0.46783084,0.45119405,0.5101493,0.50695723,5,5
3.4,3,0.49153703,0.5096352,0.7855818,0.4904743,0.57074314,0.48396808,0.51114976,5,3
2.27,13,0.4908719,0.51297176,0.8632616,0.47129494,0.4027386,0.5402522,0.48631775,5,5
3.32,1,0.49499202,0.5254128,0.2064952,0.47170523,0.48363858,0.53790367,0.5674279,6,6
2.82,1,0.49153703,0.51718324,0.8460567,0.46319902,0.5006442,0.5082302,0.56709754,0,2
3.02,1,0.49456286,0.5096352,0.5323468,0.4685411,0.49903828,0.526281,0.58553994,5,6
3.12,5,0.49854296,0.5250813,0.44889304,0.45978725,0.4986838,0.49099222,0.50871575,0,5
2.73,7,0.49037665,0.49627033,0.271399,0.4571285,0.48683435,0.5791223,0.437599,3,4
2.67,10,0.4874059,0.52217567,0.589802,0.45298716,0.45876974,0.52181846,0.56307834,5,3
2.82,2,0.4876169,0.5096352,0.43189326,0.4497896,0.47938168,0.5399153,0.4980865,5,2
2.37,2,0.4876169,0.5096352,0.23482662,0.47424963,0.4877069,0.5888597,0.51725173,6,2
2.1,13,0.49854296,0.5150906,0.861199,0.4668924,0.4401919,0.5351169,0.47309262,1,3
3.86,1,0.49456286,0.51807547,0.6449763,0.44758612,0.4981292,0.5309379,0.5330768,5,1
3.79,5,0.49037665,0.5153635,0.56516284,0.47808224,0.49536735,0.50845796,0.47894442,1,6
3.97,13,0.49083185,0.5133272,0.7860912,0.47815585,0.49049574,0.51802564,0.38928118,2,0
2.45,12,0.49153703,0.50642824,0.3618276,0.4571672,0.52776116,0.5711057,0.5610689,4,5
2.14,10,0.49504805,0.5149711,0.7584295,0.47583076,0.4926424,0.5575652,0.50474846,5,2
3.5,5,0.4874059,0.52147573,0.65292656,0.46032822,0.542626,0.4828506,0.5628969,2,2
2.0,2,0.49433744,0.5096352,0.6162002,0.4774875,0.5091882,0.5406677,0.58030766,0,4
3.97,3,0.4908719,0.5096352,0.8335662,0.457269,0.5039303,0.5415214,0.5379759,4,2
2.09,9,0.49083185,0.50493276,0.7213253,0.4697578,0.47518706,0.52385783,0.48602626,0,0
2.52,9,0.49103767,0.5367697,0.50557315,0.45747334,0.5557801,0.51138806,0.45224643,0,5
2.49,6,0.49456286,0.50370353,0.6782722,0.47800213,0.47182268,0.55891067,0.41551492,2,0
3.29,1,0.49456286,0.50647724,0.40678915,0.4587444,0.50540733,0.4869338,0.5480546,3,5
2.17,4,0.48350412,0.5096352,0.27731487,0.45245832,0.484856,0.55138755,0.51810455,0,5
3.71,7,0.49083185,0.5123975,0.8441448,0.45831186,0.47370297,0.58572316,0.56405604,5,5
3.68,9,0.49037665,0.49498445,0.71290743,0.47276893,0.5005497,0.5372337,0.64302933,2,3
3.45,12,0.49433744,0.51778495,0.5524594,0.4595554,0.4692784,0.5294359,0.36760592,4,3
2.12,12,0.49153703,0.51235884,0.36544085,0.47405213,0.48095,0.5243678,0.5649697,2,2
2.39,3,0.4876169,0.5096352,0.5333969,0.4521587,0.5468283,0.5946219,0.57490826,5,2
3.28,11,0.49153703,0.50837076,0.7545502,0.45035988,0.43917528,0.58750755,0.45391473,0,0
3.23,9,0.49083185,0.48164785,0.7009442,0.4646618,0.48198766,0.53043616,0.3882188,6,2
2.91,4,0.49504805,0.5096352,0.63425946,0.47468054,0.48707545,0.5553211,0.45465723,1,3
3.91,7,0.4874059,0.50912434,0.3338769,0.4751468,0.5029001,0.51719975,0.48721337,2,0
2.06,4,0.49083185,0.516431,0.3783939,0.46356836,0.49904966,0.5831923,0.53134036,1,4
2.45,1,0.4908719,0.52439284,0.3302157,0.45814532,0.49644732,0.5779712,0.563321,4,6
2.08,1,0.49854296,0.5225974,0.42545772,0.46860367,0.49555892,0.53490037,0.54538274,6,2
,1,0.49456286,0.5096352,0.46382013,0.46325195,0.48589998,0.52468187,0.46891636,6,3
3.22,5,0.4908719,0.50493276,0.7656115,0.45612514,0.49533522,0.54858804,0.55444515,0,2
2.79,7,0.49456286,0.5119957,0.01981236,0.46437144,0.5103412,0.46961355,0.5246062,3,1
2.01,8,0.48689646,0.510299,0.7029073,0.4665841,0.4752375,0.53110325,0.5627146,5,5
2.95,6,0.49110264,0.52300435,-0.01736522,0.4595046,0.49641168,0.5238471,0.561769,5,0
2.97,9,0.49103767,0.51462495,0.1783672,0.46525234,0.51394653,0.53690207,0.4716335,6,5
2.91,1,0.49456286,0.5096352,0.15176713,0.45728996,0.4856534,0.54245996,0.52565527,1,1
2.56,1,0.49504805,0.5096352,0.3228404,0.451254,0.50173277,0.4785965,0.5413362,6,2
2.34,14,0.49504805,0.510299,0.6663423,0.4590124,0.5304478,0.50969446,0.51054716,3,3
2.59,7,0.49433744,0.50477725,0.7015437,0.46830463,0.4747222,0.5327749,0.50640905,6,5
2.09,8,0.48350412,0.4906217,0.67166656,0.46639773,0.4900322,0.5916361,0.52537656,3,3
3.56,9,0.49037665,0.5153635,0.22955546,0.45208085,0.48928154,0.4971433,0.5202497,2,0
,14,0.4908719,0.47307932,0.46382013,0.46325195,0.48589998,0.5156539,0.5282011,6,3
2.09,7,0.49083185,0.5291476,0.5364182,0.46549225,0.48069596,0.48909736,0.50925624,3,2
3.67,10,0.48694533,0.544994,0.6954764,0.46610218,0.46218038,0.5578066,0.50609106,2,6
2.26,6,0.48689646,0.5515697,0.44112653,0.4497073,0.47518355,0.51119494,0.56005716,1,6
3.16,2,0.49854296,0.5096352,0.38710982,0.485794,0.5286315,0.57584596,0.53223175,0,4
2.59,0,0.49499202,0.50176775,0.2242262,0.46367288,0.5184824,0.50220525,0.52522254,2,5
2.31,11,0.4874059,0.5289428,0.6415444,0.4557994,0.45217353,0.4706949,0.5170276,0,6
3.39,0,0.48689646,0.5087957,0.19372864,0.47467592,0.4962936,0.539083,0.5705816,3,3
2.61,2,0.49854296,0.51367056,0.5434072,0.47841668,0.49998873,0.51365674,0.484915,1,4
2.09,8,0.49854296,0.5087957,0.46986005,0.47696918,0.4690038,0.5297613,0.44603598,2,0
3.28,3,0.48694533,0.5096352,0.26232672,0.4624285,0.4701984,0.56541014,0.54028654,3,4
2.56,4,0.49037665,0.5096352,0.44817987,0.47189978,0.47928149,0.53633606,0.50483686,3,1
3.75,4,0.4908719,0.5096352,0.51255375,0.46183008,0.44726738,0.53964865,0.62396,3,6
3.42,0,0.49110264,0.5273745,0.5475632,0.4538741,0.5091344,0.51486516,0.58810616,5,3
2.69,1,0.49110264,0.5096352,0.28254008,0.46993586,0.48329526,0.5151451,0.5867381,6,2
3.94,13,0.49504805,0.503813,0.13856941,0.47018185,0.54845303,0.52470505,0.48743284,0,2
3.99,9,0.49854296,0.50645864,0.4036002,0.46235508,0.4578576,0.46765244,0.5813014,2,0
3.45,5,0.4874059,0.51807547,0.48350793,0.46166128,0.49478287,0.5075121,0.4686771,4,6
2.58,4,0.49854296,0.5270047,0.78548026,0.45472634,0.4673941,0.4952163,0.61750203,5,4
2.13,10,0.4876169,0.50647724,0.42711473,0.45335817,0.48930824,0.55633056,0.48052874,1,1
2.67,4,0.49456286,0.5304241,0.47552058,0.46479952,0.45336163,0.5356643,0.51077664,6,1
3.96,9,0.4874059,0.5213307,0.7625234,0.45876485,0.4881109,0.52654856,0.47336566,2,4
3.66,7,0.49854296,0.51127106,0.4642201,0.4512887,0.4761616,0.5221202,0.4660056,2,6
2.78,8,0.49103767,0.5121596,0.38430542,0.4599464,0.47899693,0.6029675,0.5722631,6,5
3.54,2,0.48350412,0.5096352,0.66551137,0.47696134,0.49164605,0.530138,0.4958079,5,3
3.22,6,0.49504805,0.5136717,0.54596055,0.46007553,0.4878245,0.5132408,0.61530745,5,1
2.39,4,0.4876169,0.5096352,0.63536334,0.4640875,0.48865926,0.5108063,0.5452401,3,5
2.7,14,0.49103767,0.5139413,0.0376536,0.47332048,0.49655402,0.5771011,0.41071993,0,2
2.9,6,0.49083185,0.5087957,0.58391035,0.473206,0.47721952,0.5100479,0.53991973,3,3
3.96,11,0.49110264,0.49978858,0.5573101,0.452699,0.38140643,0.48169833,0.61192477,3,4
3.03,14,0.49037665,0.48845452,0.6852536,0.4612376,0.5133946,0.5927663,0.5392854,0,2
3.36,6,0.49037665,0.5123857,0.78868806,0.48753503,0.52221507,0.5569856,0.50904965,6,0
,0,0.48350412,0.5096352,0.46382013,0.46325195,0.48589998,0.51783943,0.49255705,2,0
2.32,12,0.49456286,0.47133434,0.4862258,0.4674034,0.46269417,0.49966756,0.47396427,2,6
2.73,1,0.49103767,0.51145774,0.5271218,0.46419042,0.48474884,0.53003705,0.45659935,2,5
,14,0.4908719,0.5096352,0.46382013,0.46325195,0.48589998,0.51783943,0.494584,2,1
2.27,8,0.49083185,0.5011458,0.39712077,0.45545334,0.4844439,0.5644804,0.5176871,0,5
2.51,2,0.48350412,0.5096352,0.3446508,0.46889672,0.4819389,0.5159762,0.5335479,2,4
3.52,5,0.4876169,0.5096352,0.5612391,0.46527284,0.46349823,0.55850184,0.6568569,1,0
3.55,4,0.49504805,0.51462495,0.42612946,0.46517122,0.50520337,0.5548072,0.5427101,5,2
3.85,2,0.4876169,0.5096352,0.48025486,0.47210693,0.5081703,0.519835,0.4001338,3,3
2.4,11,0.48350412,0.505388,0.62447345,0.45610434,0.42695576,0.49542454,0.46141827,6,5
2.33,4,0.49456286,0.5096352,0.18465379,0.4651792,0.419214,0.54227614,0.47871962,2,3
2.98,10,0.49110264,0.5162257,0.36796927,0.4649346,0.5162844,0.5202166,0.6288432,0,4
2.71,12,0.49103767,0.46101397,0.20029186,0.4658457,0.5166899,0.5678049,0.46754557,0,3
2.89,7,0.4874059,0.5096837,0.43795773,0.46306145,0.42497402,0.5561186,0.48225376,4,0
3.15,5,0.49103767,0.5037329,0.22182804,0.45970258,0.56887513,0.5203304,0.45756847,6,1
,0,0.49153703,0.5096352,0.46382013,0.46325195,0.48589998,0.51783943,0.5093461,4,3
3.21,0,0.49504805,0.5161599,0.7471734,0.46399462,0.5123663,0.575885,0.5680903,6,1
2.98,1,0.48694533,0.5096352,0.48806423,0.46526992,0.48464966,0.54870164,0.5071647,1,5
3.46,14,0.49153703,0.5018554,0.56877476,0.46539038,0.43758196,0.49421123,0.5167116,2,5
3.7,12,0.4874059,0.5245869,0.15272403,0.4708683,0.55933964,0.5585674,0.48149666,6,3
2.8,13,0.4908719,0.50493884,0.6560873,0.47067022,0.49895537,0.45213062,0.5789635,6,5
2.15,2,0.48350412,0.5096352,0.04339001,0.44878954,0.49017525,0.48945168,0.5939554,5,3
2.31,13,0.49153703,0.5037329,0.35999125,0.45506,0.5987806,0.51649547,0.5625799,3,5
3.98,8,0.4874059,0.52260864,0.43332672,0.483249,0.47164142,0.53527856,0.4386208,4,6
3.46,12,0.4908719,0.51792395,0.7513417,0.4618895,0.5521103,0.4590066,0.56139386,4,2
3.1,8,0.4908719,0.52515113,0.30549437,0.47720164,0.49000603,0.51714575,0.5311177,2,6
,14,0.49504805,0.5096352,0.4638201,0.46325195,0.48589998,0.51783943,0.50224304,6,3
3.15,11,0.4908719,0.5291476,0.01253848,0.45532674,0.488827,0.50253737,0.5711067,0,0
3.27,9,0.48694533,0.5053213,0.7004702,0.4689988,0.4748875,0.5460105,0.64977884,1,3
2.2,1,0.49110264,0.5096352,0.46125463,0.46048284,0.48986322,0.4975878,0.52036834,2,4
2.17,4,0.48689646,0.5096352,0.5251579,0.48583475,0.49978888,0.50894666,0.5505632,0,6
3.78,5,0.49037665,0.49788892,0.5690956,0.46406284,0.4305839,0.5204077,0.54768074,1,2
2.21,8,0.4874059,0.50605017,0.3237999,0.45826435,0.50868136,0.5430124,0.5420715,5,2
2.42,6,0.49037665,0.4791016,0.60682535,0.46081787,0.49142104,0.545711,0.4219011,2,5
3.42,2,0.49103767,0.5096352,0.59318626,0.46078035,0.48207676,0.5120717,0.52962923,4,1
